   9.8110236e+01   1.9878788e+00
   9.8e+01   1.9434343e+00
   9.7795276e+01   1.9030303e+00
   9.7637795e+01   1.8666667e+00
   9.7480315e+01   1.8303030e+00
   9.747e+01   1.7898990e+00
   9.7322835e+01   1.7575758e+00
   9.72e+01   1.7252525e+00
   9.7007874e+01   1.6848485e+00
   9.6692913e+01   1.6404040e+00
   9.6377953e+01   1.5959596e+00
   9.6062992e+01   1.5595960e+00
   9.5590551e+01   1.5070707e+00
   9.5275591e+01   1.4626263e+00
   9.4803150e+01   1.4303030e+00
   9.4330709e+01   1.3979798e+00
   9.3858268e+01   1.3616162e+00
   9.3385827e+01   1.3333333e+00
   9.2913386e+01   1.3010101e+00
   9.1653543e+01   1.2565657e+00
   9.0708661e+01   1.2161616e+00
   8.9763780e+01   1.1797980e+00
   8.8346457e+01   1.1474747e+00
   8.7401575e+01   1.1151515e+00
   8.6141732e+01   1.0909091e+00
   8.4566929e+01   1.0666667e+00
   8.3149606e+01   1.0464646e+00
   8.2047244e+01   1.0262626e+00
   8.0944882e+01   1.0101010e+00
   7.9527559e+01   9.9797980e-01
   7.8267717e+01   9.8181818e-01
   7.7322835e+01   9.6969697e-01
   7.5748031e+01   9.5757576e-01
   7.4488189e+01   9.4141414e-01
   7.3070866e+01   9.3333333e-01
   7.1653543e+01   9.2525253e-01
   7.0078740e+01   9.0909091e-01
   6.8818898e+01   8.9696970e-01
   6.7559055e+01   8.8888889e-01
   6.5984252e+01   8.7272727e-01
   6.4724409e+01   8.6464646e-01
   6.3307087e+01   8.5656566e-01
   6.1732283e+01   8.4848485e-01
   6.0787402e+01   8.4040404e-01
   5.9370079e+01   8.4040404e-01
   5.8267717e+01   8.3232323e-01
   5.6535433e+01   8.2020202e-01
   5.5433071e+01   8.1212121e-01
   5.3858268e+01   8.0404040e-01
   5.2755906e+01   7.9595960e-01
   5.1181102e+01   7.9595960e-01
   4.9763780e+01   7.8383838e-01
   4.8976378e+01   7.7979798e-01
   4.8031496e+01   7.7575758e-01
   4.7559055e+01   7.4747475e-01
   4.6771654e+01   7.1919192e-01
   4.6141732e+01   6.9090909e-01
   4.5511811e+01   6.6666667e-01
   4.4724409e+01   6.4646465e-01
   4.4094488e+01   6.1818182e-01
   4.3622047e+01   5.9393939e-01
   4.2992126e+01   5.6969697e-01
   4.2047244e+01   5.6969697e-01
   4.0944882e+01   5.6565657e-01
   3.9685039e+01   5.6565657e-01
   3.8110236e+01   5.6969697e-01
   3.6692913e+01   5.6565657e-01
   3.4960630e+01   5.6565657e-01
   3.2913386e+01   5.6565657e-01
   3.1338583e+01   5.5757576e-01
   3.0078740e+01   5.5757576e-01
   2.8818898e+01   5.5757576e-01
   2.7401575e+01   5.5757576e-01
   2.6299213e+01   5.5353535e-01
   2.5196850e+01   5.5353535e-01
   2.3779528e+01   5.4949495e-01
   2.2204724e+01   5.4949495e-01
   2.0629921e+01   5.5353535e-01
   1.8897638e+01   5.5353535e-01
   1.7322835e+01   5.4949495e-01
   1.5905512e+01   5.4949495e-01
   1.4173228e+01   5.4545455e-01
   1.2283465e+01   5.4545455e-01
   1.0708661e+01   5.4545455e-01
   9.1338583e+00   5.4545455e-01
   7.7165354e+00   5.4545455e-01
   5.9842520e+00   5.4949495e-01
   4.8818898e+00   5.4545455e-01
   2.8346457e+00   5.4141414e-01
   1.4173228e+00   5.3737374e-01
   1.5748031e-01   5.4545455e-01
